255 255 255 255 255 255 255 255 255 255 255 255 255 255 255 255
255 255 255 255 255 255 255 255 255 255 255 255 255 255 255 255
255 255 255 255 255 255 255 255 255 255 255 255 255 255 255 255
255 255 255 255 255 133 136 136 136 136 139 255 255 255 255 255
255 255 255 255 136 136 136 136 136 136 136 136 255 255 255 255
255 255 255 133 136 136 136 136 136 136 136 136 136 255 255 255
255 255 255 136 136 136 136 136 136 136 136 136 136 255 255 255
255 255 255 136 136 136 136 136 136 136 136 136 136 255 255 255
255 255 255 136 136 136 136 136 136 136 136 136 136 255 255 255
255 255 255 136 136 136 136 136 136 136 136 136 136 255 255 255
255 255 255 139 136 136 136 136 136 136 136 136 136 255 255 255
255 255 255 255 136 136 136 136 136 136 136 136 255 255 255 255
255 255 255 255 255 136 136 136 136 136 136 255 255 255 255 255
255 255 255 255 255 255 255 255 255 255 255 255 255 255 255 255
255 255 255 255 255 255 255 255 255 255 255 255 255 255 255 255
255 255 255 255 255 255 255 255 255 255 255 255 255 255 255 255
255 255 255 255 255 255 255 255 255 255 255 255 255 255 255 255
255 255 255 255 255 255 255 255 255 255 255 255 255 255 255 255
255 255 255 255 255 255 255 255 255 255 255 255 255 255 255 255
255 255 255 255 255  50  50  50  50  50  49 255 255 255 255 255
255 255 255 255  50  50  50  50  50  50  50  50 255 255 255 255
255 255 255  50  50  50  50  50  50  50  50  50  50 255 255 255
255 255 255  50  50  50  50  50  50  50  50  50  50 255 255 255
255 255 255  50  50  50  50  50  50  50  50  50  50 254 255 255
255 255 255  50  50  50  50  50  50  50  50  50  50 255 255 255
255 255 255  50  50  50  50  50  50  50  50  50  50 255 255 255
255 255 255  49  50  50  50  50  50  50  50  50  50 255 255 255
255 255 255 255  50  50  50  50  50  50  50  50 255 255 255 255
255 255 255 255 255  50  50  50  50  50  50 255 255 255 255 255
255 255 255 255 255 255 255 254 255 255 255 255 255 255 255 255
255 255 255 255 255 255 255 255 255 255 255 255 255 255 255 255
255 255 255 255 255 255 255 255 255 255 255 255 255 255 255 255
255 255 255 255 255 255 255 255 255 255 255 255 255 255 255 255
255 255 255 255 255 255 255 255 255 255 255 255 255 255 255 255
255 255 255 255 255 255 255 255 255 255 255 255 255 255 255 255
255 255 255 255 255  37  38  38  38  38  38 255 255 255 255 255
255 255 255 255  38  38  38  38  38  38  38  38 255 255 255 255
255 255 255  37  38  38  38  38  38  38  38  38  38 255 255 255
255 255 255  38  38  38  38  38  38  38  38  38  38 255 255 255
255 255 255  38  38  38  38  38  38  38  38  38  38 255 255 255
255 255 255  38  38  38  38  38  38  38  38  38  38 254 255 255
255 255 255  38  38  38  38  38  38  38  38  38  38 255 255 255
255 255 255  38  38  38  38  38  38  38  38  38  38 255 255 255
255 255 255 255  38  38  38  38  38  38  38  38 255 255 255 255
255 255 255 255 255  38  38  38  38  38  38 255 255 255 255 255
255 255 255 255 255 255 255 255 254 255 255 255 255 255 255 255
255 255 255 255 255 255 255 255 255 255 255 255 255 255 255 255
255 255 255 255 255 255 255 255 255 255 255 255 255 255 255 255

255 255 255 255 255 255 255 255 255 255 255 255 255 255 255 255
255 255 255 255 255 255 254 252 252 254 255 255 255 255 255 255
255 255 255 255 252 242 225 212 211 224 241 252 255 255 255 255
255 255 255 249 223 174 140 136 136 139 172 221 249 255 255 255
255 255 252 224 159 136 136 136 136 136 136 156 221 252 255 255
255 255 242 177 136 136 136 136 136 136 136 136 172 241 255 255
255 254 227 141 136 136 136 136 136 136 136 136 139 224 254 255
255 253 216 135 136 136 136 136 136 136 136 136 135 211 252 255
255 253 216 135 136 136 136 136 136 136 136 136 135 212 252 255
255 254 228 141 136 136 136 136 136 136 136 136 140 225 254 255
255 255 243 179 136 136 136 136 136 136 136 136 174 242 255 255
255 255 253 226 161 136 136 136 136 136 136 159 223 252 255 255
255 255 255 250 226 179 141 136 136 141 177 224 249 255 255 255
255 255 255 255 253 243 228 216 216 227 242 252 255 255 255 255
255 255 255 255 255 255 254 253 253 254 255 255 255 255 255 255
255 255 255 255 255 255 255 255 255 255 255 255 255 255 255 255
255 255 255 255 255 255 255 255 255 255 255 255 255 255 255 255
255 255 255 255 255 255 253 250 250 253 255 255 255 255 255 255
255 255 255 255 250 233 204 182 181 203 232 250 255 255 255 255
255 255 255 247 201 118  58  50  50  57 114 198 246 255 255 255
255 255 251 203  91  50  50  50  50  50  50  87 198 250 255 255
255 255 234 122  50  50  50  50  50  50  50  50 114 232 255 255
255 253 208  59  50  50  50  50  50  50  50  50  57 203 253 255
255 251 189  49  50  50  50  50  50  50  50  50  49 181 250 255
255 251 189  49  50  50  50  50  50  50  50  50  49 181 250 255
255 253 209  60  50  50  50  50  50  50  50  50  58 205 253 255
255 255 235 125  50  50  50  50  50  50  50  50 118 233 255 255
255 255 251 206  96  50  50  50  50  50  50  91 201 250 255 255
255 255 255 248 206 125  60  49  49  59 122 203 247 255 255 255
255 255 255 255 251 235 209 189 189 208 234 251 255 255 255 255
255 255 255 255 255 255 253 251 251 253 255 255 255 255 255 255
255 255 255 255 255 255 255 255 255 255 255 255 255 255 255 255
255 255 255 255 255 255 255 255 255 255 255 255 255 255 255 255
255 255 255 255 255 255 253 250 250 253 255 255 255 255 255 255
255 255 255 255 250 232 201 177 176 200 230 250 255 255 255 255
255 255 255 247 199 110  47  38  38  46 106 194 246 255 255 255
255 255 251 200  82  38  38  38  38  38  38  77 194 250 255 255
255 255 233 113  38  38  38  38  38  38  38  38 106 230 255 255
255 253 206  48  38  38  38  38  38  38  38  38  46 200 253 255
255 251 185  37  38  38  38  38  38  38  38  38  37 176 250 255
255 251 186  38  38  38  38  38  38  38  38  38  37 177 250 255
255 253 206  49  38  38  38  38  38  38  38  38  47 201 253 255
255 255 234 118  38  38  38  38  38  38  38  38 110 232 255 255
255 255 251 204  87  38  38  38  38  38  38  82 199 250 255 255
255 255 255 248 204 118  49  38  38  48 113 200 247 255 255 255
255 255 255 255 251 234 206 186 185 206 233 251 255 255 255 255
255 255 255 255 255 255 253 251 251 253 255 255 255 255 255 255
255 255 255 255 255 255 255 255 255 255 255 255 255 255 255 255

255 255 255 255 255 255 255 255 255 255 255 255 255 255 255 255
255 255 255 255 254 254 253 251 251 253 254 254 255 255 255 255
255 255 254 254 250 238 220 208 208 222 239 251 254 254 255 255
255 255 254 247 217 169 139 135 135 140 174 222 249 254 255 255
255 254 251 217 154 135 136 136 136 136 135 158 224 252 254 255
255 254 238 169 135 136 136 136 136 136 136 135 176 243 254 255
255 253 220 139 136 136 136 136 136 136 136 136 140 229 254 255
255 251 208 135 136 136 136 136 136 136 136 136 135 219 253 255
255 251 209 135 136 136 136 136 136 136 136 136 135 219 253 255
255 253 222 140 136 136 136 136 136 136 136 136 141 231 254 255
255 254 239 174 135 136 136 136 136 136 136 135 181 245 254 255
255 254 251 222 158 135 136 136 136 136 135 163 229 253 254 255
255 255 254 249 224 176 140 135 135 141 181 229 251 254 255 255
255 255 254 254 252 243 229 219 219 231 245 253 254 254 255 255
255 255 255 255 254 254 254 253 253 254 254 254 255 255 255 255
255 255 255 255 255 255 255 255 255 255 255 255 255 255 255 255
255 255 255 255 255 255 255 255 255 255 255 255 255 255 255 255
255 255 255 255 254 254 251 248 248 252 254 254 255 255 255 255
255 255 255 254 248 226 196 175 176 200 230 250 254 255 255 255
255 255 254 244 191 109  56  49  49  58 117 199 247 254 255 255
255 254 248 191  83  49  50  50  50  50  49  90 204 251 254 255
255 254 226 109  49  50  50  50  50  50  50  49 121 236 254 255
255 251 196  56  50  50  50  50  50  50  50  50  59 212 253 255
255 248 175  49  50  50  50  50  50  50  50  50  49 193 252 255
255 248 177  49  50  50  50  50  50  50  50  50  49 194 252 255
255 252 199  58  50  50  50  50  50  50  50  50  61 215 253 255
255 254 229 117  49  50  50  50  50  50  50  49 131 238 254 255
255 254 250 199  90  49  50  50  50  50  49  99 212 252 254 255
255 255 254 247 204 121  59  49  49  61 131 212 249 254 255 255
255 255 255 254 251 236 212 193 194 215 238 252 254 255 255 255
255 255 255 255 254 254 253 252 252 253 254 254 255 255 255 255
255 255 255 255 255 255 255 255 255 255 255 255 255 255 255 255
255 255 255 255 255 255 255 255 255 255 255 255 255 255 255 255
255 255 255 255 254 254 251 248 248 251 254 254 255 255 255 255
255 255 255 254 248 225 193 170 171 196 228 249 254 255 255 255
255 255 254 243 187 101  45  37  37  47 110 197 246 254 255 255
255 254 248 187  73  37  38  38  38  38  37  81 201 251 254 255
255 254 225 101  37  38  38  38  38  38  38  37 113 235 254 255
255 251 193  45  38  38  38  38  38  38  38  38  47 210 253 255
255 248 170  37  38  38  38  38  38  38  38  38  37 190 252 255
255 248 171  37  38  38  38  38  38  38  38  38  38 191 252 255
255 251 196  47  38  38  38  38  38  38  38  38  50 213 253 255
255 254 228 110  37  38  38  38  38  38  38  38 123 238 254 255
255 254 249 197  81  37  38  38  38  38  38  90 210 252 254 255
255 255 254 246 201 113  47  37  37  50 123 210 249 254 255 255
255 255 255 254 251 235 210 190 191 213 238 252 254 255 255 255
255 255 255 255 254 254 253 252 252 253 254 254 255 255 255 255
255 255 255 255 255 255 255 255 255 255 255 255 255 255 255 255

255 255 255 255 255 255 255 255 255 255 255 255 255 255 255 255
255 255 255 255 255 255 254 253 253 254 255 255 255 255 255 255
255 255 255 255 252 242 227 216 216 228 243 253 255 255 255 255
255 255 255 249 224 177 141 136 136 141 179 226 250 255 255 255
255 255 252 223 159 136 136 136 136 136 136 161 226 253 255 255
255 255 242 174 136 136 136 136 136 136 136 136 179 243 255 255
255 254 225 140 136 136 136 136 136 136 136 136 141 228 254 255
255 252 212 135 136 136 136 136 136 136 136 136 135 216 253 255
255 252 211 135 136 136 136 136 136 136 136 136 135 216 253 255
255 254 224 139 136 136 136 136 136 136 136 136 141 227 254 255
255 255 241 172 136 136 136 136 136 136 136 136 177 242 255 255
255 255 252 221 156 136 136 136 136 136 136 159 224 252 255 255
255 255 255 249 221 172 139 136 136 140 174 223 249 255 255 255
255 255 255 255 252 241 224 211 212 225 242 252 255 255 255 255
255 255 255 255 255 255 254 252 252 254 255 255 255 255 255 255
255 255 255 255 255 255 255 255 255 255 255 255 255 255 255 255
255 255 255 255 255 255 255 255 255 255 255 255 255 255 255 255
255 255 255 255 255 255 253 251 251 253 255 255 255 255 255 255
255 255 255 255 251 234 208 189 189 209 235 251 255 255 255 255
255 255 255 247 203 122  59  49  49  60 125 206 248 255 255 255
255 255 250 201  91  50  50  50  50  50  50  96 206 251 255 255
255 255 233 118  50  50  50  50  50  50  50  50 125 235 255 255
255 253 205  58  50  50  50  50  50  50  50  50  60 209 253 255
255 250 181  49  50  50  50  50  50  50  50  50  49 189 251 255
255 250 181  49  50  50  50  50  50  50  50  50  49 189 251 255
255 253 203  57  50  50  50  50  50  50  50  50  59 208 253 255
255 255 232 114  50  50  50  50  50  50  50  50 122 234 255 255
255 255 250 198  87  50  50  50  50  50  50  91 203 251 255 255
255 255 255 246 198 114  57  50  50  58 118 201 247 255 255 255
255 255 255 255 250 232 203 181 182 204 233 250 255 255 255 255
255 255 255 255 255 255 253 250 250 253 255 255 255 255 255 255
255 255 255 255 255 255 255 255 255 255 255 255 255 255 255 255
255 255 255 255 255 255 255 255 255 255 255 255 255 255 255 255
255 255 255 255 255 255 253 251 251 253 255 255 255 255 255 255
255 255 255 255 251 233 206 185 186 206 234 251 255 255 255 255
255 255 255 247 200 113  48  38  38  49 118 204 248 255 255 255
255 255 250 199  82  38  38  38  38  38  38  87 204 251 255 255
255 255 232 110  38  38  38  38  38  38  38  38 118 234 255 255
255 253 201  47  38  38  38  38  38  38  38  38  49 206 253 255
255 250 177  37  38  38  38  38  38  38  38  38  38 186 251 255
255 250 176  37  38  38  38  38  38  38  38  38  37 185 251 255
255 253 200  46  38  38  38  38  38  38  38  38  48 206 253 255
255 255 230 106  38  38  38  38  38  38  38  38 113 233 255 255
255 255 250 194  77  38  38  38  38  38  38  82 200 251 255 255
255 255 255 246 194 106  46  38  38  47 110 199 247 255 255 255
255 255 255 255 250 230 200 176 177 201 232 250 255 255 255 255
255 255 255 255 255 255 253 250 250 253 255 255 255 255 255 255
255 255 255 255 255 255 255 255 255 255 255 255 255 255 255 255
